Configuration: hidden_sizes=[64], learning_rate=0.01
 Average score: 1104.48
 Scores: [652, 1372, 1372, 1440, 880, 1288, 1160, 1036, 1236, 1120, 2268, 192, 1600, 240, 2364, 1208, 1328, 884, 1448, 796, 1352, 484, 1324, 1436, 852, 2344, 976, 1452, 1248, 192, 360, 576, 516, 1448, 724, 252, 296, 1660, 620, 2344, 1452, 1680, 364, 1344, 1416, 684, 2228, 260, 812, 644]

Configuration: hidden_sizes=[64], learning_rate=0.001
 Average score: 1099.92
 Scores: [692, 1076, 1592, 1420, 980, 1436, 972, 1236, 1156, 1336, 468, 964, 1024, 560, 1128, 576, 2684, 556, 1308, 712, 1260, 1552, 1200, 1752, 1036, 1412, 1484, 396, 1176, 1296, 1596, 588, 700, 1348, 1984, 772, 1468, 740, 572, 1096, 1204, 604, 1188, 1388, 400, 1164, 976, 636, 1344, 788]

Configuration: hidden_sizes=[64], learning_rate=0.0001
 Average score: 991.44
 Scores: [640, 600, 700, 1652, 684, 960, 572, 1320, 2208, 1120, 1800, 628, 1064, 652, 840, 1064, 956, 580, 1372, 1308, 692, 680, 276, 704, 1244, 2044, 396, 1400, 900, 1216, 700, 268, 1624, 612, 648, 1096, 1260, 552, 1248, 1060, 592, 1160, 512, 1192, 916, 1440, 1104, 1320, 576, 1420]

Configuration: hidden_sizes=[128], learning_rate=0.01
 Average score: 1117.28
 Scores: [1380, 968, 876, 1416, 812, 336, 1456, 1272, 1388, 680, 680, 1180, 1444, 600, 1044, 400, 592, 452, 1020, 1008, 1316, 664, 2240, 1076, 1420, 1384, 984, 1292, 684, 1168, 1204, 504, 2312, 1436, 1396, 1316, 1024, 688, 1372, 756, 1412, 2372, 2108, 1208, 588, 532, 608, 1320, 1360, 1116]

Configuration: hidden_sizes=[128], learning_rate=0.001
 Average score: 926.0
 Scores: [2812, 632, 640, 408, 732, 1192, 936, 600, 1160, 1296, 1228, 836, 1376, 1400, 1032, 280, 604, 168, 412, 352, 1336, 332, 960, 632, 348, 916, 1348, 552, 952, 1124, 1380, 716, 1116, 412, 560, 472, 2036, 984, 996, 1596, 1324, 852, 1468, 260, 504, 796, 908, 1268, 608, 1448]

Configuration: hidden_sizes=[128], learning_rate=0.0001
 Average score: 999.36
 Scores: [652, 1076, 1132, 356, 2132, 1016, 624, 524, 1668, 1288, 1440, 656, 472, 1628, 1608, 2208, 1200, 664, 636, 460, 1360, 1300, 700, 460, 916, 620, 1264, 348, 1324, 832, 296, 664, 664, 1436, 1356, 1240, 360, 288, 2460, 344, 772, 1496, 952, 1324, 504, 716, 1124, 1464, 664, 1280]

Configuration: hidden_sizes=[256], learning_rate=0.01
 Average score: 1200.64
 Scores: [744, 572, 1656, 1100, 916, 2068, 1412, 1744, 1432, 768, 1048, 552, 1032, 1172, 668, 1372, 1044, 600, 1400, 716, 1372, 1120, 1376, 1364, 1552, 520, 1304, 1320, 2096, 608, 1328, 1340, 2668, 812, 1068, 1080, 1124, 1340, 2304, 1588, 1092, 900, 880, 1304, 1016, 1000, 1140, 748, 1164, 1488]

Configuration: hidden_sizes=[256], learning_rate=0.001
 Average score: 1027.2
 Scores: [1092, 980, 1636, 1132, 628, 760, 1376, 1348, 464, 712, 648, 1496, 1252, 1300, 832, 696, 668, 1608, 716, 1392, 784, 1096, 1280, 1448, 728, 520, 1336, 876, 2372, 632, 908, 884, 904, 544, 736, 528, 376, 1004, 1672, 736, 1148, 392, 1852, 652, 532, 516, 1340, 1344, 2088, 1396]

Configuration: hidden_sizes=[256], learning_rate=0.0001
 Average score: 1015.6
 Scores: [664, 1388, 1624, 1696, 984, 608, 724, 1352, 576, 712, 1248, 512, 704, 1272, 264, 1092, 1428, 1736, 632, 1252, 764, 608, 788, 1504, 768, 724, 548, 504, 1512, 1540, 1472, 1400, 824, 228, 1248, 372, 1644, 1224, 724, 756, 2300, 664, 1400, 564, 2032, 692, 1128, 988, 776, 616]

Configuration: hidden_sizes=[128, 64], learning_rate=0.01
 Average score: 1160.32
 Scores: [1164, 696, 1144, 604, 1600, 1328, 1484, 1564, 608, 940, 1280, 1412, 1304, 1052, 1220, 680, 1336, 1404, 888, 1428, 1312, 568, 1112, 2184, 548, 1424, 560, 676, 2352, 1396, 1032, 752, 660, 572, 1008, 1348, 1548, 620, 376, 1440, 1308, 1480, 976, 816, 892, 1376, 2184, 1296, 1384, 1680]

Configuration: hidden_sizes=[128, 64], learning_rate=0.001
 Average score: 1089.2
 Scores: [1276, 1032, 2528, 1072, 1704, 696, 776, 708, 880, 824, 888, 480, 824, 700, 1356, 1336, 720, 1336, 668, 676, 1312, 1512, 464, 488, 1164, 1452, 576, 1324, 2104, 1360, 992, 1352, 1396, 596, 864, 824, 1260, 348, 1212, 2512, 624, 592, 1728, 1176, 2212, 1084, 1344, 580, 492, 1036]

Configuration: hidden_sizes=[128, 64], learning_rate=0.0001
 Average score: 1142.88
 Scores: [920, 556, 1368, 2028, 984, 1368, 1072, 1048, 1392, 704, 1132, 1228, 888, 536, 1992, 1420, 692, 612, 2468, 1244, 1004, 1032, 524, 804, 1316, 1368, 1024, 2100, 1104, 1496, 668, 1120, 936, 544, 1360, 1292, 584, 644, 2192, 512, 1216, 2300, 1024, 1972, 1360, 644, 600, 1428, 572, 752]

Configuration: hidden_sizes=[256, 128], learning_rate=0.01
 Average score: 1055.12
 Scores: [1060, 1244, 552, 780, 1100, 1340, 2340, 1280, 1092, 1184, 1312, 1312, 2984, 572, 672, 404, 676, 2036, 588, 1012, 648, 1428, 1092, 640, 948, 2244, 1036, 332, 996, 616, 352, 1404, 1324, 688, 676, 664, 1356, 548, 1032, 1124, 1348, 308, 1088, 628, 928, 596, 1616, 664, 1844, 1048]

Configuration: hidden_sizes=[256, 128], learning_rate=0.001
 Average score: 1078.4
 Scores: [652, 2248, 1408, 748, 1320, 484, 2732, 1336, 720, 2352, 420, 1272, 648, 688, 732, 1252, 768, 880, 1376, 700, 608, 672, 340, 1332, 600, 2064, 1252, 944, 1440, 764, 656, 1552, 1072, 1472, 852, 908, 1288, 1304, 1116, 908, 504, 892, 944, 628, 1344, 1436, 340, 980, 636, 2336]

Configuration: hidden_sizes=[256, 128], learning_rate=0.0001
 Average score: 1115.12
 Scores: [1456, 1316, 1284, 788, 804, 1516, 1436, 1640, 536, 312, 2164, 704, 1208, 1232, 664, 940, 500, 604, 496, 904, 1952, 872, 888, 908, 588, 588, 604, 1428, 684, 1352, 276, 656, 988, 588, 1436, 2148, 432, 1312, 1292, 960, 1276, 2416, 1152, 1280, 3088, 388, 2352, 540, 1288, 1520]

Configuration: hidden_sizes=[512, 256], learning_rate=0.01
 Average score: 971.12
 Scores: [804, 1392, 1528, 316, 1324, 712, 764, 596, 292, 1064, 1164, 1196, 1100, 652, 1488, 620, 656, 360, 1484, 1096, 720, 548, 644, 1052, 1356, 832, 1056, 960, 520, 1280, 1324, 624, 632, 816, 2136, 612, 792, 1420, 648, 1216, 1160, 1792, 912, 1480, 1048, 592, 1244, 1312, 644, 576]

Configuration: hidden_sizes=[512, 256], learning_rate=0.001
 Average score: 964.24
 Scores: [452, 684, 1276, 880, 1964, 572, 1232, 1000, 1092, 1056, 1224, 1240, 704, 1360, 772, 1000, 772, 932, 1352, 1332, 1344, 884, 736, 660, 1728, 1280, 756, 2276, 240, 532, 748, 612, 700, 1124, 1348, 1264, 608, 732, 936, 808, 412, 820, 744, 1540, 356, 312, 1428, 1128, 688, 572]

Configuration: hidden_sizes=[512, 256], learning_rate=0.0001
 Average score: 1109.12
 Scores: [276, 764, 568, 772, 780, 1316, 1032, 976, 968, 1720, 716, 472, 1548, 1380, 1336, 1572, 944, 1716, 1032, 736, 1320, 1148, 688, 680, 1324, 896, 1396, 1392, 1032, 1596, 664, 1168, 280, 1624, 584, 1312, 632, 592, 2028, 2508, 984, 2372, 2380, 1092, 1476, 1016, 152, 720, 348, 1428]

Configuration: hidden_sizes=[512, 256, 128], learning_rate=0.01
 Average score: 1139.6
 Scores: [800, 416, 396, 1824, 892, 1320, 408, 1636, 1320, 1532, 1392, 1320, 644, 512, 1644, 932, 1716, 1116, 364, 1752, 600, 1192, 1344, 696, 1060, 528, 704, 984, 700, 536, 1104, 2416, 1944, 652, 1512, 1356, 752, 1444, 796, 740, 640, 2340, 1072, 1008, 1500, 1144, 1320, 2112, 800, 2048]

Configuration: hidden_sizes=[512, 256, 128], learning_rate=0.001
 Average score: 1163.68
 Scores: [876, 1360, 2324, 556, 1304, 608, 668, 1248, 1440, 632, 760, 1032, 1072, 220, 2548, 420, 1168, 968, 740, 2192, 1356, 2412, 1368, 1420, 776, 1176, 1500, 1132, 1328, 864, 780, 1436, 1316, 2292, 296, 676, 1072, 1060, 1088, 584, 1336, 532, 1368, 1356, 636, 1348, 512, 624, 1484, 2920]

Configuration: hidden_sizes=[512, 256, 128], learning_rate=0.0001
 Average score: 1166.56
 Scores: [1248, 1040, 532, 1536, 2156, 1248, 540, 2496, 2280, 1296, 1056, 1008, 652, 544, 556, 1320, 1596, 2616, 1212, 1072, 1276, 1316, 1440, 1304, 584, 1420, 2728, 476, 980, 1400, 828, 1296, 616, 1396, 1252, 720, 544, 700, 1364, 708, 1324, 1568, 576, 1188, 740, 1924, 572, 564, 680, 840]

Configuration: hidden_sizes=[1024, 512, 256], learning_rate=0.01
 Average score: 1188.72
 Scores: [1336, 2280, 476, 1312, 400, 1016, 880, 1436, 2408, 1028, 1080, 708, 1068, 1396, 260, 1288, 744, 1576, 588, 1540, 620, 1688, 1164, 1108, 692, 556, 696, 1332, 1324, 1232, 1448, 420, 380, 2160, 1360, 1656, 1184, 2800, 1416, 2172, 680, 1336, 692, 1192, 1752, 780, 1324, 576, 1016, 1860]

Configuration: hidden_sizes=[1024, 512, 256], learning_rate=0.001
 Average score: 1015.04
 Scores: [656, 860, 728, 616, 620, 604, 732, 684, 1172, 576, 560, 1608, 2144, 1616, 1092, 944, 1112, 812, 1324, 2028, 608, 1724, 1268, 744, 952, 1052, 384, 1332, 760, 852, 1116, 1176, 504, 1108, 556, 460, 1320, 680, 816, 2344, 1344, 748, 1324, 1624, 1288, 680, 304, 1200, 640, 1356]

Configuration: hidden_sizes=[1024, 512, 256], learning_rate=0.0001
 Average score: 1081.68
 Scores: [1168, 864, 1232, 1400, 360, 1528, 2268, 584, 1032, 244, 636, 740, 1064, 684, 632, 1184, 164, 1136, 1444, 1416, 1276, 1304, 572, 1168, 608, 1052, 596, 400, 1676, 2392, 2028, 700, 1456, 1156, 1384, 1076, 1184, 584, 552, 608, 1436, 1964, 780, 1672, 676, 568, 1356, 1708, 1412, 960]

Configuration: hidden_sizes=[1024, 512, 256, 128], learning_rate=0.01
 Average score: 1136.0
 Scores: [584, 816, 732, 664, 1264, 1312, 3044, 1476, 664, 896, 1000, 696, 740, 836, 564, 868, 1360, 1464, 596, 656, 1268, 664, 824, 352, 1204, 1580, 508, 1304, 2256, 1368, 2940, 1672, 848, 1192, 640, 900, 1344, 704, 472, 1312, 696, 1380, 1336, 1388, 1380, 476, 1472, 1420, 2260, 1408]

Configuration: hidden_sizes=[1024, 512, 256, 128], learning_rate=0.001
 Average score: 1232.64
 Scores: [636, 1416, 800, 508, 648, 772, 980, 1404, 2088, 812, 836, 1560, 1228, 776, 2336, 700, 1440, 1240, 1672, 1348, 1168, 900, 764, 556, 2008, 2580, 1384, 1456, 556, 2108, 624, 1080, 944, 776, 2288, 876, 552, 1332, 976, 1356, 268, 1080, 2084, 1548, 924, 1212, 1188, 1660, 2964, 1220]

Configuration: hidden_sizes=[1024, 512, 256, 128], learning_rate=0.0001
 Average score: 1023.12
 Scores: [388, 820, 1024, 1336, 720, 396, 1288, 608, 1644, 660, 1284, 800, 1212, 776, 1248, 912, 1244, 1352, 1236, 1292, 1348, 1044, 1340, 1180, 732, 380, 1292, 1204, 1024, 296, 808, 728, 464, 1320, 484, 1792, 1300, 1632, 1096, 720, 1112, 2136, 1168, 668, 620, 544, 440, 1656, 1348, 1040]

